#
#   Cp, autocorrelation of the unresoved gamma-ray flux - Correlation matrix of various energy bins
#
#       Phys. Rev. Lett. 121, 241101 (2018)
#       Unresolved Gamma-Ray Sky through its Angular Power Spectrum
#       M. Ackermann, et al.
#
#
#       Matrix from Tab. VII (Supplemental Material)
#
#
#
#   Correlation matrix of various (energy bins: Cov_table__Ebins.dat.txt, uncertainty: Cov_table__err.dat.txt)
#
3.7e-18    1.6e-18    9.2e-19    3.7e-19    2.1e-20    1.0e-19   -5.2e-20    4.0e-20   -1.1e-20   -1.1e-20    1.1e-22    1.2e-23
1.6e-18    6.6e-19    2.7e-19    1.5e-19    3.4e-20    3.3e-20    1.9e-20    2.2e-20    9.0e-22    3.2e-21   -3.2e-22    3.1e-22
9.2e-19    2.7e-19    9.4e-20    8.2e-20    2.8e-20    1.6e-20    4.8e-21    3.4e-21    3.5e-21    1.3e-21    4.8e-22    6.2e-23
3.7e-19    1.5e-19    8.2e-20    3.4e-20    2.5e-20    1.1e-20    4.1e-21    4.4e-21    1.1e-21    2.9e-22    7.2e-22    1.5e-22
2.1e-20    3.4e-20    2.8e-20    2.5e-20    1.4e-20    5.4e-21    2.5e-21    2.0e-21    1.0e-21    3.7e-22   -4.1e-23    1.2e-23
1.0e-19    3.3e-20    1.6e-20    1.1e-20    5.4e-21    4.3e-21    1.5e-21    1.4e-21    4.0e-22    1.2e-22    3.1e-23   -1.7e-23
-5.2e-20    1.9e-20    4.8e-21    4.1e-21    2.5e-21    1.5e-21    9.0e-22    4.5e-22    3.8e-22    7.8e-23   -5.4e-23   -9.6e-25
4.0e-20    2.2e-20    3.4e-21    4.4e-21    2.0e-21    1.4e-21    4.5e-22    2.1e-22    1.5e-22    7.6e-23    2.2e-23   -3.8e-25
-1.1e-20    9.0e-22    3.5e-21    1.1e-21    1.0e-21    4.0e-22    3.8e-22    1.5e-22    5.9e-23    5.0e-23    2.5e-23    4.5e-25
-1.1e-20    3.2e-21    1.3e-21    2.9e-22    3.7e-22    1.2e-22    7.8e-23    7.6e-23    5.0e-23    3.1e-23    9.7e-24    1.1e-24
1.1e-22   -3.2e-22    4.8e-22    7.2e-22   -4.1e-23    3.1e-23   -5.4e-23    2.2e-23    2.5e-23    9.7e-24    1.2e-23   -1.6e-24
1.2e-23    3.1e-22    6.2e-23    1.5e-22    1.2e-23   -1.7e-23   -9.6e-25   -3.8e-25    4.5e-25    1.1e-24   -1.6e-24   -4.4e-25
#
#
